7891112288539
7898147771029
7897186660233
7896502849239
7898152180618
7896502822782
7896502886364
7896502822744
7896502829958
7898673982784
7896398331719
7891112252936
7898673983873
7891023547374
7891112201729
7896502804351
7898700211078
7891023547367
7896398339043
7896502829965
7898152181349
8710103885801
7896502803439
7891112254497
7899963907265
7899497613717
7891112284678
8710103885788
7896502886272
7896497815912
7891112251632
7898673983743
7899497633258
7896525084235
7896497816216
8710103914181
7896497814489
7891023571805
7899768014922
7896502885107
7896525098812
7897186660004
7899497699070
7896502882779
7898221453056
7896020660040
7898461964534
7891356087233
7898700213409
7898221450253
7898700210729
7895730715217
7891112206885
7899466417131
8710103950622
7899497689811
7899768019057
7896398338633
7898700216981
7896553944525
7896443132896
7896502841271
7891232473051
7898615987563
7898615987587
7896580635984
7899838882895
7891356105241
7896502885084
8710103885825
7896525040910
7896580646492
7897186691954
7898615985613
7899831301041
7898700210323
7896497805777
7896580635205
7891356077944
7896502887354
7896502844012
7896580612756
7898221456309
7899497627530
7896443137099
7891356108242
7896502837762
7908515101713
7898152184746
7891658192284
7891356108228
7896497807702
7892946335635
7891023547169
7896580612763
7891356045455
7896502840823
7908515101737
7896553932461
7899497613953
7895730177961
7896497809119
7897186689234
7896553932324
7896525084242
7891356105265
7893946057725
7893946617066
7896525070498
7897186691251
7891658192307
7898700212464
7896497804701
7896553958485
7891112284654
7891023529981
7896497816209
7892946421659
7908515101720
7898607403644
7898673989097
7896525040897
053891160315
7896502842216
7899768024303
7891356075230
7896553944563
7896553944570
8720389002526
7908466010522
7908466005610
7897186691268
7899497696567
7896398334772
7898673983897
7908192502933
7897186688107
7908515101744
7897186689623
7898673985549
7899963907241
7896580633492
7896502849819
7896398333096
7898221451854
7896497805654
7896497813901
7899838882901
7891023529998
7896020660460
7891023087009
7891023573854
8710103900405
7896497815929
7898673989912
7896497807979
7908515101775
7896497808525
7896580607059
7896497809171
7896497816193
7896502880300
053891142649
7891356068751
7896497815400
7896502842001
7896398334079
7898673989905
7899768015585
7898461974366
7898152181356
8720389011474
7891356088735
7896502848751
7899497633579
7896553944532
7898700216363
7896502822959
7896497813932
7896497813925
7896497804817
7898152180670
7898152186801
7898152186825
7896502845972
7898461969010
7898700215984
7896497807689
7896497813895
7896497807658
7896497815578
7898700210705
7896502877201
7898461973925
7891023547176
7891023557816
7898152180625
7896502802753
7896497813215
8710103944331
7896502873661
7896502801541
7896497802189
7896497802264
8710103914174
8720389002540
7898700216387
7896502848461
7896497805579
7898585362728
7896525041085
8710103947370
7896020695554
7896502823727
7896502844029
7898461967306
7896398340155
7891023547183
7895730291162
7891112308336
7896497809867
7896497816186
7898673989394
7896502846054
7898673985532
7891232173104
8710103914273
7897181941313
7896497805630
7897386718826
7896497813918
7896497808716
085081151971
7898615983688
7897181902963
7897181903342
7898700212488
7895730289008
7896398335359
7897186687780
7896502894703
7898221456422
8710103914266
7891658134192
7896497817459
7896497807733
7896020660071
7899620620575
7908192501127
7898673985044
7895730290806
7899768015349
7898673985792
7891232136567
7908466010478
7891658192383
7896497816179
7896497801045
7897181900334
7896020660323
7899768079716
7898221458112
7895730288995
7896497810818
7896398325350
7896502848775
7896502849833
7896497808723
7896497815110
7899620624030
7891658192390
7896497805753
7896553992489
7896502880416
7896525099116
7899768017541
7896497815080
7899497695034
7896398339050
7896502880348
7899838878508
7898673985419
8710103652236
085081350862
7896502815630
085081988454
085081350794
7891023565293
7897186688374
7897386792000
8710103914204
7897386755074
7908466010508
7891658134055
7896497808846