7891112288539
7898147771029
7897186660233
7896502849239
7898152180618
7896502822782
7896502886364
7896502822744
7896502829958
7898673982784
7896398331719
7891112252936
7898673983873
7891023547374
7891112201729
7896502804351
7898700211078
7891023547367
7896398339043
7896502829965
7898152181349
8710103885801
7896502803439
7891112254497
7899963907265
7899497613717
7891112284678
8710103885788
7896502886272
7896497815912
7891112251632
7898673983743
7899497633258
7896525084235
7896497816216
8710103914181
7896497814489
7891023571805
7899768014922
7896502885107
7896525098812
7897186660004
7899497699070
7896502882779
7898221453056
7896020660040
7898461964534
7891356087233
7898700213409
7898221450253