29010901
29010902
29010935
29025022
29025023
29045560
29050902
29051900
29052120
29052123
29055210
29055570
29056030
29056905
29056922
29060235
29070170
29090370
29090911
29100010
29100011
29100020
29100909
29101045
29101063
29101115
29101330
29101345
29101950
29102010
29102020
29103343
29103900
29104360
29107900
29108015
29108440
29108825
29109145
29109170
29110172
29110175
29110286
29110902
29111065
29111175
29111760
29111845
29113513
29113515
29114335
29118376
29118725
29120311
29122725
29124355
29126070
29126105
29126510
29130055
29131000
29132639
29132695
29135163
29136263
29136368
29136519
29136522
29136537
29140261
29145906
29145910
29146220
29146678
29147630
29148635
29148906
29149419
29152404
29156067
29156775
29156808
29157150
29157900
29157901
29158900
29160450
29160790
29160813
29160925
29161123
29163250
29163306
29164037
29164043
29164064
29168074
29168083
29168122
29170740
29173510
29175704
29176080
29185000
29188000
29190200
29192243
29192442
29192500
29192503
29192736
29197190
29197972
29200970
29210530
29213010
29213506
29215002
29226420
29226510
29227404
29230000
29230981
29240000
29255000
29260000
29273000
29278000
29280000
29285000
29290000
29295000
29297000
29298000
29300510
29300765
29300970
29301120
29303377
29305360
29308843
29309180
29309362
29310375
29312419
29313161
29313162
29313175
29313226
29313810
29314045
29314085
29314167
29314185
29314845
29314846
29314872
29315463
29316258
29316378
29318115
29320899
29321000
29322000
29322100
29323000
29325000
29326000
29328000
29329000
29330000
29345000
29350970
29360000
29365000
29370000
29375000
29380000
29390000
29395000
29400000
29450000
29460000
29470000
29480000
29490000
29500000
29520000
29550000
29560000
29600000
29645000
29650000
29670000
29680000
29700971
29702755
29703810
29705040
29705180
29705200
29706010
29706552
29706575
29706607
29707370
29707600
29712000
29712020
29712412
29712417
29712490
29712495
29714899
29715000
29717000
29719010
29719425
29730000
29737000
29745000
29755000
29780000
29795000
29800000
29810000
29815000
29830000
29845000
29890000
29900020
29900202
29900983
29901422
29904005
29906050
29906790
29908010
29909170
29909200
29913010
29915026
29915140
29927000
29930660
29932540
29933540
29934680
29940105
29945060
29950000
29960000
29960970
29970000
29980000
35330000